# ------------------------------------------------------------
# Scene file format
# ------------------------------------------------------------
E 0.0 0.0 0.0                  # eye position
V 0.0 0.0 1.0  0.0 1.0 0.0     # View Direction
F 60                           # FOV
R 512 512

# ------------------------------------------------------------
# [MODIFIED] Swapped Positions: Lights on Ground, Glass Spheres on Ceiling
# ------------------------------------------------------------

# === 1. Ground Lights (Lighting Source) ===
# Moved back to y=0.0 (Original position)
M  10.0 10.0 10.0   1.00 0.00   80.0 0.0
SL -2.20 0.0 7   0.8    0.3 6.0 10.0   # Blue Light
SL -0.40 0.0 7   0.4    0.3 10.0 0.3   # Green Light
SL  1.10 0.0 7   0.2    10.0 10.0 0.3  # Yellow Light
SL  2.40 0.0 7   0.1    10.0 0.3 0.3   # Red Light

# === 2. Ceiling Visual Spheres (Glass/Semi-Transparent) ===
# Moved to y=1.5 (Ceiling)
# Material: Glass-like/Semi-transparent (Low Kd, High Ks, High Reflect)

# --- Blue Glass Sphere ---
M 0.2 0.2 1.0      0.2   0.8   128.0  0.7
S -2.20 1.7 7.5   0.80

# --- Green Glass Sphere ---
M 0.2 1.0 0.2      0.2   0.8   128.0  0.7
S -0.40 1.7 7.5    0.40

# --- Yellow Glass Sphere ---
M 1.0 1.0 0.2      0.2   0.8   128.0  0.7
S  1.10 1.7 7.5    0.20

# --- Red Glass Sphere ---
M 1.0 0.2 0.2      0.2   0.8   128.0  0.7
S  2.40 1.7 7.5    0.10

# ------------------------------------------------------------
# [Original Geometry] Cornell Box & Steps
# ------------------------------------------------------------

# --- top step: very glossy (Kd:Ks ≈ 1:9) ---
# --- second step: glossy (Kd:Ks ≈ 9:1) ---
M   1.0 1.0 1.0   0.90 0.10   80.0 0.1
T -2.0000 -1.3000 8.2000   2.0000 -1.3000 8.2000   2.0000 -1.3000 9.2000
T -2.0000 -1.3000 8.2000   2.0000 -1.3000 9.2000  -2.0000 -1.3000 9.2000

# --- third step: semi-gloss (Kd:Ks ≈ 7:3) ---
M   1.0 1.0 1.0   0.70 0.30   80.0 0.3
T -2.0000 -1.6000 7.0000   2.0000 -1.6000 7.0000   2.0000 -1.6000 8.0000
T -2.0000 -1.6000 7.0000   2.0000 -1.6000 8.0000  -2.0000 -1.6000 8.0000

# --- bottom step: rough-diffuse (Kd:Ks ≈ 3:7) ---
M   1.0 1.0 1.0   0.30 0.70   80.0 0.7
T -2.0000 -2.0000 5.5000   2.0000 -2.0000 5.5000   2.0000 -2.0000 6.5000
T -2.0000 -2.0000 5.5000   2.0000 -2.0000 6.5000  -2.0000 -2.0000 6.5000

# --- bbottom step: rough-diffuse (Kd:Ks ≈ 1:9) ---
M   1.0 1.0 1.0   0.10 0.90   80.0 0.9
T -2.0000 -2.4000 4.0000   2.0000 -2.4000 4.0000   2.0000 -2.4000 5.0000
T -2.0000 -2.4000 4.0000   2.0000 -2.4000 5.0000  -2.0000 -2.4000 5.0000

# ------------------------------------------------------------
# Walls
M  1.0 1.0 1.0   1.00 0.00   80.0 0.1

# --- floor (bottom wall), y = -2.8868 ---
T -2.8868 -2.8868 5.0   2.8868 -2.8868 12.0   2.8868 -2.8868 5.0
T -2.8868 -2.8868 5.0  -2.8868 -2.8868 12.0   2.8868 -2.8868 12.0

# --- left wall x = -2.8868  ---
T -2.8868 -2.8868 5.0  -2.8868  2.8868 12.0  -2.8868 -2.8868 12.0
T -2.8868 -2.8868 5.0  -2.8868  2.8868 5.0   -2.8868  2.8868 12.0

# --- right wall x =  2.8868  ---
T  2.8868 -2.8868 5.0   2.8868 -2.8868 12.0   2.8868  2.8868 12.0
T  2.8868 -2.8868 5.0   2.8868  2.8868 12.0   2.8868  2.8868 5.0

# --- ceiling (top wall) y = +2.8868 ---
T -2.8868  2.8868 5.0   2.8868  2.8868 5.0   2.8868  2.8868 12.0
T -2.8868  2.8868 5.0   2.8868  2.8868 12.0  -2.8868 2.8868 12.0

# --- back wall z = 12.0 ---
T -2.8868 -2.8868 12.0   2.8868  2.8868 12.0   2.8868 -2.8868 12.0
T -2.8868 -2.8868 12.0  -2.8868  2.8868 12.0   2.8868  2.8868 12.0
# --- INVISIBLE GEOMETRY FOR BVH STRESS TEST ---
M 0 0 0 0 0 0 0
T -16.676025490931764 -97.96616610858632 241.26032546268715 -16.176025490931764 -97.46616610858632 241.26032546268715 -17.176025490931764 -97.46616610858632 241.26032546268715
T -40.27202896008144 -26.317662102304865 209.6830674522537 -39.77202896008144 -25.817662102304865 209.6830674522537 -40.77202896008144 -25.817662102304865 209.6830674522537
T 13.201633745772256 -67.66243521412636 206.21334421417652 13.701633745772256 -67.16243521412636 206.21334421417652 12.701633745772256 -67.16243521412636 206.21334421417652
T -13.412746398016822 12.415697615168583 208.7171780361866 -12.912746398016822 12.915697615168583 208.7171780361866 -13.912746398016822 12.915697615168583 208.7171780361866
T 10.644217113865963 -29.01972273268025 247.90323925497742 11.144217113865963 -28.51972273268025 247.90323925497742 10.144217113865963 -28.51972273268025 247.90323925497742
T -81.74118022465298 95.727999114082 220.60596964696504 -81.24118022465298 96.227999114082 220.60596964696504 -82.24118022465298 96.227999114082 220.60596964696504
T 0.7870736220074974 -70.37076621396217 235.94835701504425 1.2870736220074974 -69.87076621396217 235.94835701504425 0.2870736220074974 -69.87076621396217 235.94835701504425
T -62.00572425563593 -31.68791484528957 201.17606090711 -61.50572425563593 -31.18791484528957 201.17606090711 -62.50572425563593 -31.18791484528957 201.17606090711
T -32.096445520415855 93.49649177597428 248.93992270928283 -31.596445520415855 93.99649177597428 248.93992270928283 -32.596445520415855 93.99649177597428 248.93992270928283
T 48.90600802820694 -99.30907784898089 247.01192515488714 49.40600802820694 -98.80907784898089 247.01192515488714 48.40600802820694 -98.80907784898089 247.01192515488714
T 74.15339375109525 54.16686770336216 208.94368823117577 74.65339375109525 54.66686770336216 208.94368823117577 73.65339375109525 54.66686770336216 208.94368823117577
T -80.10007343807771 -17.09350629762845 244.27682335727397 -79.60007343807771 -16.59350629762845 244.27682335727397 -80.60007343807771 -16.59350629762845 244.27682335727397
T 15.617205473264633 47.31644298881645 211.6310551614204 16.117205473264633 47.81644298881645 211.6310551614204 15.117205473264633 47.81644298881645 211.6310551614204
T 4.719516032931679 41.87728749682634 241.24169734488902 5.219516032931679 42.37728749682634 241.24169734488902 4.219516032931679 42.37728749682634 241.24169734488902
T 61.424906611816596 -53.53837740450758 243.65949835599395 61.924906611816596 -53.03837740450758 243.65949835599395 60.924906611816596 -53.03837740450758 243.65949835599395
T -56.72391394199106 60.37984752066285 227.75426494691888 -56.22391394199106 60.87984752066285 227.75426494691888 -57.22391394199106 60.87984752066285 227.75426494691888
T -62.83432802895681 17.721723666303205 225.91196928770418 -62.33432802895681 18.221723666303205 225.91196928770418 -63.33432802895681 18.221723666303205 225.91196928770418
T 91.73250068704641 -91.69215562972764 208.2069141050155 92.23250068704641 -91.19215562972764 208.2069141050155 91.23250068704641 -91.19215562972764 208.2069141050155
T 96.65853062950225 66.44097717010459 207.51362329908096 97.15853062950225 66.94097717010459 207.51362329908096 96.15853062950225 66.94097717010459 207.51362329908096
T -54.177405909110135 7.8276549905044845 207.84904151633867 -53.677405909110135 8.327654990504485 207.84904151633867 -54.677405909110135 8.327654990504485 207.84904151633867
T -35.247854869302884 -90.13615539537378 235.5838646907783 -34.747854869302884 -89.63615539537378 235.5838646907783 -35.747854869302884 -89.63615539537378 235.5838646907783
T -84.28745062932308 98.92085015636326 246.02849192153099 -83.78745062932308 99.42085015636326 246.02849192153099 -84.78745062932308 99.42085015636326 246.02849192153099
T 57.76577444629248 54.48117809345521 218.38761501586092 58.26577444629248 54.98117809345521 218.38761501586092 57.26577444629248 54.98117809345521 218.38761501586092
T 35.74123458940295 52.2517533920778 224.03881274977664 36.24123458940295 52.7517533920778 224.03881274977664 35.24123458940295 52.7517533920778 224.03881274977664
T -87.69499061432818 25.220789748118477 216.28804161101127 -87.19499061432818 25.720789748118477 216.28804161101127 -88.19499061432818 25.720789748118477 216.28804161101127
T 22.017814168426654 -15.83430778592205 247.6265391520447 22.517814168426654 -15.33430778592205 247.6265391520447 21.517814168426654 -15.33430778592205 247.6265391520447
T -59.68107675867218 53.7712732893921 234.92809277749868 -59.18107675867218 54.2712732893921 234.92809277749868 -60.18107675867218 54.2712732893921 234.92809277749868
T 11.312599703162121 -83.99074450896227 208.24758555460906 11.812599703162121 -83.49074450896227 208.24758555460906 10.812599703162121 -83.49074450896227 208.24758555460906
T 93.45639547043396 -53.87149422876205 208.1771515916122 93.95639547043396 -53.37149422876205 208.1771515916122 92.95639547043396 -53.37149422876205 208.1771515916122
T -42.34086550750653 7.424105838828893 225.98066691149782 -41.84086550750653 7.924105838828893 225.98066691149782 -42.84086550750653 7.924105838828893 225.98066691149782
T -99.33363773444061 -99.36300716149165 224.8033243737888 -98.83363773444061 -98.86300716149165 224.8033243737888 -99.83363773444061 -98.86300716149165 224.8033243737888
T -63.02910173645142 21.500167152001055 239.92315152682787 -62.52910173645142 22.000167152001055 239.92315152682787 -63.52910173645142 22.000167152001055 239.92315152682787
T -80.82534631449181 1.0334353894343025 220.30690612871814 -80.32534631449181 1.5334353894343025 220.30690612871814 -81.32534631449181 1.5334353894343025 220.30690612871814
T 58.090656625413715 90.95857212076373 220.8359104327625 58.590656625413715 91.45857212076373 220.8359104327625 57.590656625413715 91.45857212076373 220.8359104327625
T -51.34644371429884 75.69467303800744 201.36378570382058 -50.84644371429884 76.19467303800744 201.36378570382058 -51.84644371429884 76.19467303800744 201.36378570382058
T -33.90683058506161 -21.04497227392747 208.89919347004724 -33.40683058506161 -20.54497227392747 208.89919347004724 -34.40683058506161 -20.54497227392747 208.89919347004724
T 35.9869760624716 3.653253455951713 212.44702896482508 36.4869760624716 4.153253455951713 212.44702896482508 35.4869760624716 4.153253455951713 212.44702896482508
T -17.349857817283905 38.37666126717994 216.2482016236132 -16.849857817283905 38.87666126717994 216.2482016236132 -17.849857817283905 38.87666126717994 216.2482016236132
T -86.45880424419137 -7.899390543155576 209.75322411512727 -85.95880424419137 -7.399390543155576 209.75322411512727 -86.95880424419137 -7.399390543155576 209.75322411512727
T 24.262506620935923 -59.622119740919 206.75128755381786 24.762506620935923 -59.122119740919 206.75128755381786 23.762506620935923 -59.122119740919 206.75128755381786
T 78.79222517198366 -33.94238864203692 214.6152619739476 79.29222517198366 -33.44238864203692 214.6152619739476 78.29222517198366 -33.44238864203692 214.6152619739476
T 7.651790246857161 38.676398651872944 233.54985598157495 8.15179024685716 39.176398651872944 233.54985598157495 7.151790246857161 39.176398651872944 233.54985598157495
T 59.67878857136151 -48.012768064126846 221.34379895181954 60.17878857136151 -47.512768064126846 221.34379895181954 59.17878857136151 -47.512768064126846 221.34379895181954
T -27.20794260616657 3.337407910677584 228.7023127479726 -26.70794260616657 3.837407910677584 228.7023127479726 -27.70794260616657 3.837407910677584 228.7023127479726
T 25.85765087429779 -86.40920198533928 218.56086733950002 26.35765087429779 -85.90920198533928 218.56086733950002 25.35765087429779 -85.90920198533928 218.56086733950002
T 41.71278273285529 -92.93454248468575 237.3119076505633 42.21278273285529 -92.43454248468575 237.3119076505633 41.21278273285529 -92.43454248468575 237.3119076505633
T 37.18028272492484 -19.641729731478748 222.45856322734568 37.68028272492484 -19.141729731478748 222.45856322734568 36.68028272492484 -19.141729731478748 222.45856322734568
T -47.13185681127208 47.44421317056987 224.0202713945375 -46.63185681127208 47.94421317056987 224.0202713945375 -47.63185681127208 47.94421317056987 224.0202713945375
T -46.97410248881848 -94.12946519309999 217.25357328953967 -46.47410248881848 -93.62946519309999 217.25357328953967 -47.47410248881848 -93.62946519309999 217.25357328953967
T 84.19840485160805 35.22898252247717 231.2801233696126 84.69840485160805 35.72898252247717 231.2801233696126 83.69840485160805 35.72898252247717 231.2801233696126
T 86.77617919913436 -93.87900216719383 230.12282098537054 87.27617919913436 -93.37900216719383 230.12282098537054 86.27617919913436 -93.37900216719383 230.12282098537054
T -62.4098466888851 -20.611145361471216 209.09176926040024 -61.9098466888851 -20.111145361471216 209.09176926040024 -62.9098466888851 -20.111145361471216 209.09176926040024
T -30.174043463836014 80.27568355224821 236.2696138453876 -29.674043463836014 80.77568355224821 236.2696138453876 -30.674043463836014 80.77568355224821 236.2696138453876
T 69.25833432119828 -84.90325716607016 215.0421687842926 69.75833432119828 -84.40325716607016 215.0421687842926 68.75833432119828 -84.40325716607016 215.0421687842926
T 56.83212707188403 -91.90974769106822 209.4861243518167 57.33212707188403 -91.40974769106822 209.4861243518167 56.33212707188403 -91.40974769106822 209.4861243518167
T -83.62864085608035 63.51124689953366 211.61230740429178 -83.12864085608035 64.01124689953366 211.61230740429178 -84.12864085608035 64.01124689953366 211.61230740429178
T -15.141643284402377 -97.22877718522827 205.68332893837493 -14.641643284402377 -96.72877718522827 205.68332893837493 -15.641643284402377 -96.72877718522827 205.68332893837493
T 2.799251722583392 58.262109752237535 217.05133929555765 3.299251722583392 58.762109752237535 217.05133929555765 2.299251722583392 58.762109752237535 217.05133929555765
T -36.130301853293865 -91.83757120168534 204.98080234402323 -35.630301853293865 -91.33757120168534 204.98080234402323 -36.630301853293865 -91.33757120168534 204.98080234402323
T -70.2970227921152 -58.74843856818317 228.49244085414597 -69.7970227921152 -58.24843856818317 228.49244085414597 -70.7970227921152 -58.24843856818317 228.49244085414597
T -28.221313419362943 95.54541817492563 214.20549788997056 -27.721313419362943 96.04541817492563 214.20549788997056 -28.721313419362943 96.04541817492563 214.20549788997056
T 71.25590424455865 -81.64515183272106 226.3802368966221 71.75590424455865 -81.14515183272106 226.3802368966221 70.75590424455865 -81.14515183272106 226.3802368966221
T 9.894865012467662 31.45920628507065 220.50681299742993 10.394865012467662 31.95920628507065 220.50681299742993 9.394865012467662 31.95920628507065 220.50681299742993
T 4.797832690498026 55.56249696014913 207.5800931410642 5.297832690498026 56.06249696014913 207.5800931410642 4.297832690498026 56.06249696014913 207.5800931410642
T 6.323886402485115 17.61628055947733 239.0848543122409 6.823886402485115 18.11628055947733 239.0848543122409 5.823886402485115 18.11628055947733 239.0848543122409
T -67.25776127357102 -17.082730770686098 201.22846453329598 -66.75776127357102 -16.582730770686098 201.22846453329598 -67.75776127357102 -16.582730770686098 201.22846453329598
T 32.511203031767195 73.60590158169563 217.67637754758928 33.011203031767195 74.10590158169563 217.67637754758928 32.011203031767195 74.10590158169563 217.67637754758928
T 63.2531636072828 31.60570501428643 200.85192744405475 63.7531636072828 32.10570501428643 200.85192744405475 62.7531636072828 32.10570501428643 200.85192744405475
T -5.9520029460738755 -90.85219603924071 215.66110305096132 -5.4520029460738755 -90.35219603924071 215.66110305096132 -6.4520029460738755 -90.35219603924071 215.66110305096132
T 60.12781604896301 -74.90796986264326 228.2684764349944 60.62781604896301 -74.40796986264326 228.2684764349944 59.62781604896301 -74.40796986264326 228.2684764349944
T -88.65623538157486 -78.03489195380578 247.60821466099367 -88.15623538157486 -77.53489195380578 247.60821466099367 -89.15623538157486 -77.53489195380578 247.60821466099367
T -80.71852383794698 -65.17718131354427 247.00375685513572 -80.21852383794698 -64.67718131354427 247.00375685513572 -81.21852383794698 -64.67718131354427 247.00375685513572
T -38.22982037812353 -56.70189481217509 204.8227829711311 -37.72982037812353 -56.20189481217509 204.8227829711311 -38.72982037812353 -56.20189481217509 204.8227829711311
T -0.14792461827839531 -88.22176244354847 211.0026698198261 0.3520753817216047 -87.72176244354847 211.0026698198261 -0.6479246182783953 -87.72176244354847 211.0026698198261
T -55.576312050935385 49.0292173394175 208.10651718944337 -55.076312050935385 49.5292173394175 208.10651718944337 -56.076312050935385 49.5292173394175 208.10651718944337
T 17.62754402052768 -51.66173279395976 249.69105708823847 18.12754402052768 -51.16173279395976 249.69105708823847 17.12754402052768 -51.16173279395976 249.69105708823847
T 98.12764446671247 84.77073785725148 245.00417717116653 98.62764446671247 85.27073785725148 245.00417717116653 97.62764446671247 85.27073785725148 245.00417717116653
T 10.738798341714428 86.17112420671683 231.9929987988915 11.238798341714428 86.67112420671683 231.9929987988915 10.238798341714428 86.67112420671683 231.9929987988915
T -68.1218390572635 46.46972038664089 242.4643247421947 -67.6218390572635 46.96972038664089 242.4643247421947 -68.6218390572635 46.96972038664089 242.4643247421947
T -97.10969678966993 -61.016178022008184 239.21500887710835 -96.60969678966993 -60.516178022008184 239.21500887710835 -97.60969678966993 -60.516178022008184 239.21500887710835
T 53.609955414755575 12.116132390260432 206.11549842896446 54.109955414755575 12.616132390260432 206.11549842896446 53.109955414755575 12.616132390260432 206.11549842896446
T -46.949355949687565 -52.856938222660844 249.0291928044049 -46.449355949687565 -52.356938222660844 249.0291928044049 -47.449355949687565 -52.356938222660844 249.0291928044049
T -54.9350522493268 -25.97557047875101 234.4516431714346 -54.4350522493268 -25.47557047875101 234.4516431714346 -55.4350522493268 -25.47557047875101 234.4516431714346
T 32.63326049379455 12.43849433829378 232.53383243478896 33.13326049379455 12.93849433829378 232.53383243478896 32.13326049379455 12.93849433829378 232.53383243478896
T 73.00125485225578 82.79110119407537 205.4223461144164 73.50125485225578 83.29110119407537 205.4223461144164 72.50125485225578 83.29110119407537 205.4223461144164
T -93.97434068787527 82.71808704763845 245.51326769623404 -93.47434068787527 83.21808704763845 245.51326769623404 -94.47434068787527 83.21808704763845 245.51326769623404
T -26.404091359923527 -20.060572783327316 234.24549403876745 -25.904091359923527 -19.560572783327316 234.24549403876745 -26.904091359923527 -19.560572783327316 234.24549403876745
T -15.698171458307542 -77.7944306615639 212.46106566645744 -15.198171458307542 -77.2944306615639 212.46106566645744 -16.19817145830754 -77.2944306615639 212.46106566645744
T -39.25604011918116 13.239249772737452 208.56055141164524 -38.75604011918116 13.739249772737452 208.56055141164524 -39.75604011918116 13.739249772737452 208.56055141164524
T 45.72665038236849 93.95779955486043 219.24222754769872 46.22665038236849 94.45779955486043 219.24222754769872 45.22665038236849 94.45779955486043 219.24222754769872
T 14.062954307810728 27.249262895210833 239.8990736067309 14.562954307810728 27.749262895210833 239.8990736067309 13.562954307810728 27.749262895210833 239.8990736067309
T 25.822688647507405 3.304053443925838 236.0251204208591 26.322688647507405 3.804053443925838 236.0251204208591 25.322688647507405 3.804053443925838 236.0251204208591
T -95.24899600991439 87.95859885113768 244.93163426678606 -94.74899600991439 88.45859885113768 244.93163426678606 -95.74899600991439 88.45859885113768 244.93163426678606
T 38.763537453402336 -59.67618407253701 231.2802103542588 39.263537453402336 -59.17618407253701 231.2802103542588 38.263537453402336 -59.17618407253701 231.2802103542588
T -94.37521438729274 -20.460108865761 210.76847312457173 -93.87521438729274 -19.960108865761 210.76847312457173 -94.87521438729274 -19.960108865761 210.76847312457173
T 12.247511723666364 -49.91454298727756 204.61404208840094 12.747511723666364 -49.41454298727756 204.61404208840094 11.747511723666364 -49.41454298727756 204.61404208840094
T 58.77282649878907 -49.74568349379096 227.98551358500478 59.27282649878907 -49.24568349379096 227.98551358500478 58.27282649878907 -49.24568349379096 227.98551358500478
T -96.6902954111471 12.692498537950428 239.46247917740368 -96.1902954111471 13.192498537950428 239.46247917740368 -97.1902954111471 13.192498537950428 239.46247917740368
T 56.998546620171595 -34.322133342638935 206.42020063012907 57.498546620171595 -33.822133342638935 206.42020063012907 56.498546620171595 -33.822133342638935 206.42020063012907
T 21.89529929009997 -38.698502614793505 214.2908223081362 22.39529929009997 -38.198502614793505 214.2908223081362 21.39529929009997 -38.198502614793505 214.2908223081362
